Index: 1, Diffusivity: 0.000051744098 cm^2/sec
Index: 2, Diffusivity: 0.000016815793 cm^2/sec
